Model name: RandomForestClassificationModel

Model parameters:
Number of trees: 20
Max depth: 5
==================================================
Accuracy: 0.6266202133663842

False positive rate by label:
[0.1723827649734016, 0.1666672997375288, 0.006333486035063226, 0.05125225462867246, 0.027163450291890993, 0.0031961113112891158, 0.008906094428249987, 2.0504898962110364e-05, 0.0029744018090882237, 0.0, 0.0003487089386842273, 0.0, 6.631794480689044e-06, 0.0, 0.0, 0.0, 0.0, 0.0, 0.0, 0.0, 0.0, 0.0, 0.0, 0.0, 0.0, 0.0, 0.0, 0.0, 0.0, 0.0, 0.0, 0.0, 0.0, 0.0, 0.0, 0.0, 0.0, 0.0, 0.0]

True positive rate by label:
[0.9644944810920253, 0.8068466304926538, 0.8174415550302075, 0.493385185047355, 0.8469452694102673, 0.6440993954244014, 0.882217533090351, 0.48223762041575124, 0.29780880356796585, 0.0027731054234668364, 0.5765347885402455, 0.0, 0.015271105010295128, 0.0, 0.0, 0.0, 0.0, 0.0, 0.0, 0.0, 0.0, 0.0, 0.0, 0.0, 0.0, 0.0, 0.0, 0.0, 0.0, 0.0, 0.0, 0.0, 0.0, 0.0, 0.0, 0.0, 0.0, 0.0, 0.0]

F-measure by label:
[0.7259036237115777, 0.5761246304482345, 0.8736736935106971, 0.4864651653442187, 0.748640540033752, 0.7607902353089215, 0.8613838205684495, 0.6505106693416013, 0.4361085870059064, 0.005530873152597697, 0.726166746855454, 0.0, 0.03007264740665653, 0.0, 0.0, 0.0, 0.0, 0.0, 0.0, 0.0, 0.0, 0.0, 0.0, 0.0, 0.0, 0.0, 0.0, 0.0, 0.0, 0.0, 0.0, 0.0, 0.0, 0.0, 0.0, 0.0, 0.0, 0.0, 0.0]

Precision by label:
[0.5819454501568911, 0.448012982601804, 0.9382138043555366, 0.4797365754812563, 0.6707829301075269, 0.9291175227630719, 0.8415113903205148, 0.9991596050143567, 0.8142296681157883, 1.0, 0.9806924719205421, 0.0, 0.978021978021978, 0.0, 0.0, 0.0, 0.0, 0.0, 0.0, 0.0, 0.0, 0.0, 0.0, 0.0, 0.0, 0.0, 0.0, 0.0, 0.0, 0.0, 0.0, 0.0, 0.0, 0.0, 0.0, 0.0, 0.0, 0.0, 0.0]

Recall by label:
[0.9644944810920253, 0.8068466304926538, 0.8174415550302075, 0.493385185047355, 0.8469452694102673, 0.6440993954244014, 0.882217533090351, 0.48223762041575124, 0.29780880356796585, 0.0027731054234668364, 0.5765347885402455, 0.0, 0.015271105010295128, 0.0, 0.0, 0.0, 0.0, 0.0, 0.0, 0.0, 0.0, 0.0, 0.0, 0.0, 0.0, 0.0, 0.0, 0.0, 0.0, 0.0, 0.0, 0.0, 0.0, 0.0, 0.0, 0.0, 0.0, 0.0, 0.0]

