Model name: DecisionTreeClassificationModel

Model parameters:
Max depth: 5
Max bins: 32
==================================================
Accuracy: 0.7102470008129526

Confusion matrix:
+-----+----------+-----+
|label|prediction|count|
+-----+----------+-----+
|  8.0|       3.0|   82|
| 32.0|       4.0|  122|
| 16.0|       8.0|   28|
| 12.0|       5.0|  208|
| 26.0|       3.0|  398|
|  7.0|       7.0| 7132|
| 10.0|       2.0| 1388|
| 14.0|       8.0| 2494|
| 17.0|       3.0| 2049|
|  0.0|       5.0| 2714|
| 11.0|       3.0| 6939|
| 12.0|       4.0|   45|
| 27.0|       3.0|  461|
|  7.0|      13.0|   54|
|  5.0|       4.0| 1330|
| 13.0|       5.0|  687|
| 17.0|       4.0|  198|
| 35.0|       3.0|   38|
|  1.0|       1.0|21339|
| 31.0|       3.0|   46|
+-----+----------+-----+
only showing top 20 rows


Classification report:
+-----+----------+
|label|prediction|
+-----+----------+
|  3.0|       3.0|
|  1.0|       1.0|
|  1.0|       1.0|
|  1.0|       1.0|
|  1.0|       1.0|
|  1.0|       1.0|
|  6.0|       6.0|
|  6.0|       6.0|
|  6.0|       6.0|
|  6.0|       6.0|
|  6.0|       6.0|
|  6.0|       6.0|
|  6.0|       6.0|
|  6.0|       6.0|
|  6.0|       6.0|
|  6.0|       6.0|
|  6.0|       6.0|
|  6.0|       6.0|
|  6.0|       6.0|
|  6.0|       6.0|
+-----+----------+
only showing top 20 rows


