Model name: RandomForestClassificationModel

Model parameters:
Number of trees: 10
Max depth: 15
==================================================
Accuracy: 0.9707308424865527

False positive rate by label:
[2.8435460644306917e-05, 0.004132411896636528, 0.004298843220369791, 0.004023753875336724, 0.0003777468957175978, 0.0003067638836654298, 6.855101995348814e-06, 0.0008389591438857649, 1.697983135631497e-06, 0.0, 0.0, 0.007017403226803074, 0.005222633400978871, 3.457512928628701e-05, 7.732056282789265e-05, 0.000850778676004428, 0.0005954978394747808, 1.6402800286064837e-05, 0.0005035329045674358, 0.0003236341169201801, 0.0004641926072423854, 0.00045764121909083034, 0.0007394723138627389, 0.00020548514880549526, 0.0, 3.423351167362748e-05, 0.0, 0.00039265906765466855, 9.772878308119308e-06, 6.026127333699244e-05, 0.0, 4.8824151680364555e-06, 0.0, 0.0, 0.0, 2.1148458928065958e-05, 1.7894558752716718e-05, 0.0, 0.0]

True positive rate by label:
[0.998546559101153, 0.9728360644591011, 0.9965822804385815, 0.9400838714465969, 0.9762896167617027, 0.9961131676361713, 0.9896179401993356, 0.9973953047831676, 0.9966379410287127, 0.9761418787136572, 1.0, 0.8957786936430623, 0.9394017313791034, 0.9459532132293628, 0.9175776754890679, 0.6672821890213194, 0.9358411304181784, 0.9984493118821477, 0.963932333226939, 0.5397141907610502, 0.9322429906542056, 1.0, 0.9995479204339964, 0.7512285012285013, 1.0, 0.9978213507625272, 0.8222730739893211, 0.47659980897803245, 0.3863898500576701, 0.9364303178484108, 0.0, 0.18282548476454294, 1.0, 0.973404255319149, 1.0, 0.908256880733945, 0.12121212121212122, 0.06666666666666667, 0.0]

F-measure by label:
[0.9992155965551616, 0.9740558143229151, 0.9803301133338405, 0.9486387297307419, 0.9851205609227393, 0.9957182502973437, 0.9947179989403888, 0.9904598743659512, 0.9982968181466284, 0.9879269188395153, 1.0, 0.8301264431006047, 0.8503704853163673, 0.9708175232838909, 0.953655254896098, 0.7607655502392343, 0.9334349109608608, 0.9982558139534883, 0.9348398080792447, 0.6723245704823019, 0.9198089906141939, 0.9550994227068633, 0.9068908941755538, 0.82163251595566, 1.0, 0.9913419913419913, 0.9024696525742989, 0.5584778959149411, 0.554635761589404, 0.945095619987662, 0.0, 0.30697674418604654, 1.0, 0.986522911051213, 1.0, 0.8959276018099548, 0.19672131147540983, 0.125, 0.0]

Precision by label:
[0.9998855311355311, 0.9752786266913578, 0.9645995180145793, 0.9573507180650038, 0.994112722460774, 0.9953236459709379, 0.9998708969434852, 0.9836202295169469, 0.9999612267845372, 1.0, 1.0, 0.7734404485900684, 0.7767540751240255, 0.9970242312597422, 0.9926859632741986, 0.8847095481860672, 0.9310410334346505, 0.9980623910094942, 0.9074519230769231, 0.8913282107574094, 0.907702307442314, 0.9140577041129527, 0.829954954954955, 0.9065974796145293, 1.0, 0.9849462365591398, 1.0, 0.6743243243243243, 0.9824046920821115, 0.9539227895392279, 0.0, 0.9565217391304348, 1.0, 1.0, 1.0, 0.8839285714285714, 0.5217391304347826, 1.0, 0.0]

Recall by label:
[0.998546559101153, 0.9728360644591011, 0.9965822804385815, 0.9400838714465969, 0.9762896167617027, 0.9961131676361713, 0.9896179401993356, 0.9973953047831676, 0.9966379410287127, 0.9761418787136572, 1.0, 0.8957786936430623, 0.9394017313791034, 0.9459532132293628, 0.9175776754890679, 0.6672821890213194, 0.9358411304181784, 0.9984493118821477, 0.963932333226939, 0.5397141907610502, 0.9322429906542056, 1.0, 0.9995479204339964, 0.7512285012285013, 1.0, 0.9978213507625272, 0.8222730739893211, 0.47659980897803245, 0.3863898500576701, 0.9364303178484108, 0.0, 0.18282548476454294, 1.0, 0.973404255319149, 1.0, 0.908256880733945, 0.12121212121212122, 0.06666666666666667, 0.0]

