Model name: LogisticRegressionModel

Model parameters:
(regParam): 0.0
(elasticNetParam): 0.0
(maxIter): 10
(tol): 1e-08
==================================================
Accuracy: 0.7211403179188401

False positive rate by label:
[0.04516662636230438, 0.0776196833004506, 0.01282137489482111, 0.06805801152244595, 0.030530740389080248, 0.01440365939235374, 0.005665431102291363, 0.014051802352104951, 0.010557570078226858, 0.0007727245119013072, 0.00845253140158156, 0.007353960499394547, 0.0018536633893190522, 0.006911596433892836, 0.0008176090282461711, 0.00022503765684878292, 0.003961776647664356, 2.132094750290703e-05, 1.4714321449066377e-05, 0.0007830443915875857, 0.0005361483300123739, 0.0, 0.0004538056830183628, 0.0, 0.0, 8.15075639019301e-05, 0.0, 0.0, 0.0, 0.0, 0.0, 0.0, 0.0, 0.0, 0.0, 0.0, 0.0, 0.0, 0.0]

True positive rate by label:
[0.9733788562767882, 0.7386951197387518, 0.8295796028377583, 0.6816737583381334, 0.8510689151507104, 0.7298624754420432, 0.9410974673829624, 0.8355218627318262, 0.8430207726655018, 0.7092702348097544, 0.5792686279901017, 0.026544821583986074, 0.08911908227035356, 0.2639375168327498, 0.044374009508716325, 0.015438247011952191, 0.4459511077158136, 0.0, 0.0, 0.045542635658914726, 0.08125, 0.0, 0.0, 0.0, 0.0, 0.28373450036469733, 0.0, 0.0, 0.0, 0.0, 0.0, 0.0, 0.0, 0.0, 0.0, 0.0, 0.0, 0.0, 0.0]

F-measure by label:
[0.9035827883949881, 0.670875061143578, 0.8557390408168156, 0.5701785742038761, 0.7339876092209384, 0.7483598747788213, 0.9195725534308211, 0.7905219340377841, 0.8088514696568937, 0.8199696636853393, 0.624015164978378, 0.04082998661311914, 0.15043352601156068, 0.28857479387514723, 0.07952491608572167, 0.029740965781899588, 0.4676547166032445, 0.0, 0.0, 0.07588805166846072, 0.13665283540802214, 0.0, 0.0, 0.0, 0.0, 0.4298342541436465, 0.0, 0.0, 0.0, 0.0, 0.0, 0.0, 0.0, 0.0, 0.0, 0.0, 0.0, 0.0, 0.0]

Precision by label:
[0.8431264601463851, 0.6144610131763862, 0.8836019864381053, 0.4900289847329264, 0.6452242892808246, 0.7678192380739582, 0.8990102639296188, 0.7501215362177929, 0.7773441695607032, 0.9716145026340254, 0.676253450600244, 0.08840579710144927, 0.48216767021769336, 0.3182851575186749, 0.3826086956521739, 0.4043478260869565, 0.49157894736842106, 0.0, 0.0, 0.22741935483870968, 0.4295652173913043, 0.0, 0.0, 0.0, 0.0, 0.8861047835990888, 0.0, 0.0, 0.0, 0.0, 0.0, 0.0, 0.0, 0.0, 0.0, 0.0, 0.0, 0.0, 0.0]

Recall by label:
[0.9733788562767882, 0.7386951197387518, 0.8295796028377583, 0.6816737583381334, 0.8510689151507104, 0.7298624754420432, 0.9410974673829624, 0.8355218627318262, 0.8430207726655018, 0.7092702348097544, 0.5792686279901017, 0.026544821583986074, 0.08911908227035356, 0.2639375168327498, 0.044374009508716325, 0.015438247011952191, 0.4459511077158136, 0.0, 0.0, 0.045542635658914726, 0.08125, 0.0, 0.0, 0.0, 0.0, 0.28373450036469733, 0.0, 0.0, 0.0, 0.0, 0.0, 0.0, 0.0, 0.0, 0.0, 0.0, 0.0, 0.0, 0.0]

