Model name: LogisticRegressionModel

Model parameters:(regParam): 0.0
(elasticNetParam): 0.0
(maxIter): 10
(tol): 1e-06
==================================================
Accuracy: 0.7081916231166977

False positive rate by label:
[0.05282031913122231, 0.0862270694914546, 0.014382525740212902, 0.06938773327820147, 0.02968073325812204, 0.014179395430640871, 0.003261689291101056, 0.0112229783177321, 0.010142263277877645, 7.928541907404752e-05, 0.014054360287758208, 0.006919623470935243, 0.002445843227252829, 0.006509149529309286, 0.0007980346955867859, 7.883016041937645e-05, 0.002826680053613409, 1.1480491365030424e-05, 1.798534684741395e-05, 0.0007798207883546762, 0.000701250809135549, 0.0, 0.0003183340842752757, 0.0, 0.0, 2.9342962172031266e-05, 1.6300529604206841e-06, 0.0, 0.0, 0.0, 0.0, 0.0, 0.0, 0.0, 0.0, 0.0, 0.0, 0.0, 0.0]

True positive rate by label:
[0.9739025247447874, 0.6886979361251684, 0.8243404071160296, 0.6372552668800715, 0.8485835319036272, 0.711823052034159, 0.9358643333014568, 0.7998236929544992, 0.7777129067413981, 0.8806322674418605, 0.5783284795867905, 0.02288699545991666, 0.08870349876564229, 0.2527955271565495, 0.026740237691001697, 0.01100389368545793, 0.41562143671607754, 0.0, 0.0, 0.05044699872286079, 0.0653101411224155, 0.0, 0.0, 0.0, 0.0, 0.0, 0.0, 0.0, 0.0, 0.0, 0.0, 0.0, 0.0, 0.0, 0.0, 0.0, 0.0, 0.0, 0.0]

F-measure by label:
[0.890829367853258, 0.625335375569239, 0.8469411250942872, 0.5396320081951066, 0.7372452500345034, 0.7380824705413246, 0.9374930148643686, 0.7909074145474663, 0.7737376084262703, 0.9354659718704013, 0.5672478374518309, 0.03574550752792618, 0.14610207515423443, 0.284196348398683, 0.048824593128390596, 0.021594684385382056, 0.47688617531617966, 0.0, 0.0, 0.08388638173612956, 0.10829931972789116, 0.0, 0.0, 0.0, 0.0, 0.0, 0.0, 0.0, 0.0, 0.0, 0.0, 0.0, 0.0, 0.0, 0.0, 0.0, 0.0, 0.0, 0.0]

Precision by label:
[0.8208145045740108, 0.5726496531079084, 0.8708160532932763, 0.46794582701269594, 0.6517345154337305, 0.7663535391028753, 0.9391273750879662, 0.7821877383202361, 0.769802743103714, 0.9975816825315154, 0.5565838180856689, 0.08157836399911328, 0.4139849026618991, 0.3245044429254956, 0.28041543026706234, 0.5752212389380531, 0.5593350383631713, 0.0, 0.0, 0.24881889763779527, 0.31687898089171973, 0.0, 0.0, 0.0, 0.0, 0.0, 0.0, 0.0, 0.0, 0.0, 0.0, 0.0, 0.0, 0.0, 0.0, 0.0, 0.0, 0.0, 0.0]

Recall by label:
[0.9739025247447874, 0.6886979361251684, 0.8243404071160296, 0.6372552668800715, 0.8485835319036272, 0.711823052034159, 0.9358643333014568, 0.7998236929544992, 0.7777129067413981, 0.8806322674418605, 0.5783284795867905, 0.02288699545991666, 0.08870349876564229, 0.2527955271565495, 0.026740237691001697, 0.01100389368545793, 0.41562143671607754, 0.0, 0.0, 0.05044699872286079, 0.0653101411224155, 0.0, 0.0, 0.0, 0.0, 0.0, 0.0, 0.0, 0.0, 0.0, 0.0, 0.0, 0.0, 0.0, 0.0, 0.0, 0.0, 0.0, 0.0]

